#Filename       start    end       CORR  B     Seq   Keep?  PUMP  Astart  Aend   Bstart Bend   ChUpdate   Gas    B_Servo   HV    HVS   OTop  MTop  MBot  OBot   Others
323-470         323      470       2     1     1     1      45    65      85     245    275    1          100    1         10    30    15    14    12    11
634-880         634      880       2     1     1     1      45    65      85     245    275    1          100    1         10    30    15    14    12    11
882-912         882      912       4     1     1     1      45    65      85     245    275    1          100    1         10    30    15    14    12    11
920-1147        920      1147      2     1     1     1      45    65      85     245    275    1          100    1         06    30    15    14    12    11
1181-1211       1181     1211      4     1     1     1      45    65      85     245    275    1          100    1         06    30    15    14    12    11
1221-1308       1221     1308      2     1     1     1      45    65      85     355    385    1          100    1         06    30    15    14    12    11
1664-1911       1664     1911      2     1     1     1      45    65      85     265    295    1          70     1         06    30    15    14    12    11
1912-1932       1912     1932      4     1     1     1      45    65      85     265    295    1          70     1         06    30    15    14    12    11
1984-2092       1984     2092      2     1     1     1      45    65      85     265    295    1          70     1         10    30    15    14    12    11
2096-2373       2096     2373      2     1     1     1      45    65      85     265    295    1          70     1         10    30    15    14    12    11
2374-2422       2374     2422      4     1     1     1      45    65      85     265    295    1          70     1         10    30    15    14    12    11
2423-2591       2423     2591      2     1     1     1      45    65      85     265    295    1          70     1         06    30    15    14    12    11
2631-2653       2631     2653      4     1     1     1      45    65      85     265    295    1          70     1         06    30    15    14    12    11
2662-2906       2662     2906      2    -1     1     1      45    65      85     265    295    1          70     1         10    30    15    14    12    11
2907-2941       2907     2941      4    -1     1     1      45    65      85     265    295    1          70     1         10    30    15    14    12    11
3025-3275       3025     3275      2    -1     1     1      45    65      85     265    295    1          40     1         10    30    15    14    12    11
3276-3313       3276     3313      4    -1     1     1      45    65      85     265    295    1          40     1         10    30    15    14    12    11
3322-3554       3322     3554      2    -1     1     1      45    65      85     265    295    1          70     1         06    30    15    14    12    11
3555-3573       3555     3573      4    -1     1     1      45    65      85     265    295    1          70     1         06    30    15    14    12    11
3595-3846       3595     3846      2    -1     1     1      45    65      85     245    275    1          20     1         06    30    15    14    12    11
3847-3868       3847     3868      4    -1     1     1      45    65      85     245    275    1          20     1         06    30    15    14    12    11
3899-4153       3899     4153      2    -1     1     1      40    60      80     240    270    1          20     1         10    05    15    14    12    11
4154-4175       4154     4175      4    -1     1     1      40    60      80     240    270    1          20     1         10    05    15    14    12    11
4184-4461       4184     4461      2    -1     1     1      40    60      80     240    270    1          20     1         06    05    15    14    12    11
4462-4477       4462     4477      4    -1     1     1      40    60      80     240    270    1          20     1         06    05    15    14    12    11
4482-4785       4482     4785      2    -1     1     1      40    60      80     240    270    1          20     1         10    05    15    14    12    11
4786-4808       4786     4808      4    -1     1     1      40    60      80     240    270    1          20     1         10    05    15    14    12    11
4815-4977       4815     4977      2    -1     1     1      40    60      80     240    270    1          20     1         06    05    15    14    12    11
5047-5082       5047     5082      4    -1     1     1      40    60      80     240    270    1          20     1         06    05    15    14    12    11
5103-5342       5103     5342      2     1     1     1      40    60      80     240    270    1          20     1         10    05    15    14    12    11
5343-5365       5343     5365      4     1     1     1      40    60      80     240    270    1          20     1         10    05    15    14    12    11
5369-5633       5369     5633      2     1     1     1      35    55      75     235    265    1          40     1         06    05    15    14    12    11
5634-5661       5634     5661      4     1     1     1      35    55      75     235    265    1          40     1         06    05    15    14    12    11
5664-5820       5664     5820      2     1     1     1      40    60      80     240    270    1          20     1         10    05    15    14    12    11
5957-5989       5957     5989      4     1     1     1      40    60      80     240    270    1          20     1         10    05    15    14    12    11
5990-6240       5990     6240      2     1     1     1      40    60      80     240    270    1          20     1         10    05    15    14    12    11
6241-6281       6241     6281      4     1     1     1      40    60      80     240    270    1          20     1         10    05    15    14    12    11
6287-6583       6287     6583      2     1     1     1      40    60      80     240    270    1          20     1         06    05    15    14    12    11
6584-6627       6584     6627      4     1     1     1      40    60      80     240    270    1          20     1         06    05    15    14    12    11
6635-6909       6635     6909      2    -1     1     1      40    60      80     240    270    1          20     1         10    30    15    14    12    11
6910-6939       6910     6939      4    -1     1     1      40    60      80     240    270    1          20     1         10    30    15    14    12    11
6947-7134       6947     7134      2    -1     1     1      35    60      80     240    270    1          20     1         06    30    15    14    12    11
7195-7227       7195     7227      4    -1     1     1      40    60      80     240    270    1          20     1         06    30    15    14    12    11
7233-7502       7233     7502      2    -1     1     1      40    60      80     240    270    1          100    1         10    30    15    14    12    11
7503-7535       7503     7535      4    -1     1     1      40    60      80     240    270    1          60     1         10    30    15    14    12    11
7540-7790       7540     7790      2    -1     1     1      40    60      80     240    270    1          100    1         06    05    15    14    12    11
7790-7822       7790     7822      4    -1     1     1      40    60      80     240    270    1          100    1         06    05    15    14    12    11
7845-8079       7845     8079      2     1     1     1      40    60      80     240    270    1          60     1         06    30    15    14    12    11
8080-8111       8080     8111      4     1     1     1      40    60      80     240    270    1          60     1         06    30    15    14    12    11
8136-8374       8136     8374      2     1     1     1      40    60      80     240    270    1          60     1         10    30    15    14    12    11
8375-8398       8375     8398      4     1     1     1      40    60      80     240    270    1          60     1         10    30    15    14    12    11
8404-8577       8404     8577      2     1     2     1      40    60      80     240    270    1          70     1         06    30    15    12    14    11
8670-8856       8670     8856      2     1     2     1      40    60      80     240    270    1          70     1         06    30    15    12    14    11
8919-8952       8919     8952      4     1     2     1      40    60      80     240    270    1          70     1         06    30    15    12    14    11
8960-9212       8960     9212      2     1     2     1      40    60      80     240    270    1          70     1         10    30    15    12    14    11
9213-9245       9213     9245      4     1     2     1      40    60      80     240    270    1          70     1         10    30    15    12    14    11
9260-9534       9260     9534      2     1     2     1      40    60      80     240    270    1          10     1         10    30    15    12    14    11
9535-9567       9535     9567      4     1     2     1      40    60      80     240    270    1          10     1         10    30    15    12    14    11
9571-9737       9571     9737      2     1     2     1      40    60      80     240    270    1          10     1         06    05    15    12    14    11
9814-9827       9814     9827      4     1     2     1      40    60      80     240    270    1          10     1         06    05    15    12    14    11
9829-9850       9829     9850      4     1     2     1      40    60      80     240    270    1          10     1         06    05    15    12    14    11
9858-10113      9858     10113     2     1     2     1      40    60      80     240    270    1          40     1         10    05    15    12    14    11
10115-10147     10115    10147     4     1     2     1      40    60      80     240    270    1          40     1         10    05    15    12    14    11
10151-10444     10151    10444     4     1     2     1      40    60      80     240    270    1          40     1         10    05    15    12    14    11
10453-10738     10453    10738     4    -1     2     1      40    60      80     240    270    1          40     1         10    05    15    12    14    11
10747-11038     10747    11038     2    -1     2     1      40    60      80     240    270    1          40     1         10    05    15    12    14    11
11059-11342     11059    11342     2    -1     2     1      40    60      80     240    270    1          40     1         06    30    15    12    14    11
11342-11374     11342    11374     4    -1     2     1      40    60      80     240    270    1          40     1         06    30    15    12    14    11
11382-11644     11382    11644     2    -1     2     1      40    60      80     240    270    1          40     1         10    05    15    12    14    11
11645-11677     11645    11677     4    -1     2     1      40    60      80     240    270    1          40     1         10    05    15    12    14    11
11683-11847     11683    11847     2    -1     2     1      40    60      80     240    270    1          40     1         06    05    15    12    14    11
11988-12020     11988    12020     4    -1     2     1      40    60      80     240    270    1          40     1         06    05    15    12    14    11
12026-12307     12026    12307     2    -1     2     1      40    60      80     240    270    1          40     1         06    05    15    12    14    11
12027-12042     12027    12042     4    -1     2     1      40    60      80     240    270    1          40     1         06    05    15    12    14    11
12332-12580     12332    12580     2     1     2     1      40    60      80     240    270    1          40     1         10    30    15    12    14    11
12580-12612     12580    12612     4     1     2     1      40    60      80     240    270    1          40     1         10    30    15    12    14    11
12618-12654     12618    12654     2     1     2     1      40    60      80     240    270    1          40     1         06    30    15    12    14    11
12657-12864     12657    12864     2     1     2     1      40    60      80     240    270    1          40     1         06    30    15    12    14    11
12865-12897     12865    12897     4     1     2     1      40    60      80     240    270    1          40     1         06    30    15    12    14    11
12902-13146     12902    13146     2     1     2     1      40    60      80     240    270    1          40     1         10    05    15    12    14    11
13173-13205     13173    13205     4     1     2     1      40    60      80     240    270    1          40     1         10    05    15    12    14    11
13231-13461     13231    13461     2     1     2     1      40    60      80     240    270    1          40     1         06    05    15    12    14    11
13482-13514     13482    13514     4     1     2     1      40    60      80     240    270    1          40     1         06    05    15    12    14    11
13564-13808     13564    13808     2    -1     2     1      40    60      80     240    270    1          40     1         10    30    15    12    14    11
13812-14080     13812    14080     2    -1     2     1      40    60      80     240    270    1          40     1         06    30    15    12    14    11
14083-14119     14083    14119     4    -1     2     1      40    60      80     240    270    1          40     1         06    30    15    12    14    11
14136-14199     14136    14199     2    -1     2     1      40    60      80     240    270    1          40     1         10    05    15    12    14    11
14370-14640     14370    14640     2    -1     2     1      40    60      80     240    270    1          40     1         10    05    15    12    14    11
14641-14673     14641    14673     4    -1     2     1      40    60      80     240    270    1          40     1         10    05    15    12    14    11
14682-14946     14682    14946     2    -1     2     1      40    60      80     240    270    1          40     1         06    05    15    12    14    11
14947-14979     14947    14979     4    -1     2     1      40    60      80     240    270    1          40     1         06    05    15    12    14    11
16297-16470     16297    16470     2    -1     4     1      40    60      80     240    270    1          45     1         06    30    6     15    14    12
16479-16512     16479    16512     2    -1     4     1      40    60      80     240    270    1          45     1         06    30    6     15    14    12
16513-16545     16513    16545     4    -1     4     1      40    60      80     240    270    1          45     1         06    30    6     15    14    12
16550-16868     16550    16868     2    -1     4     1      40    60      80     240    270    1          45     1         10    30    6     15    14    12
16869-16892     16869    16892     4    -1     4     1      40    60      80     240    270    1          45     1         10    30    6     15    14    12
16893-17187     16893    17187     2    -1     4     1      40    60      80     240    270    1          45     1         06    05    6     15    14    12
17188-17210     17188    17210     4    -1     4     1      40    60      80     240    270    1          45     1         06    05    6     15    14    12
17211-17455     17211    17455     2    -1     4     1      40    60      80     240    270    1          45     1         10    05    6     15    14    12
17456-17482     17456    17482     4    -1     4     1      40    60      80     240    270    1          45     1         10    05    6     15    14    12
17499-17765     17499    17765     2     1     4     1      40    60      80     240    270    1          45     1         06    30    6     15    14    12
17766-17798     17766    17798     4     1     4     1      40    60      80     240    270    1          45     1         06    30    6     15    14    12
17809-18064     17809    18064     2     1     4     1      40    60      80     240    270    1          45     1         10    30    6     15    14    12
18065-18097     18065    18097     4     1     4     1      40    60      80     240    270    1          45     1         10    30    6     15    14    12
18106-18378     18106    18378     2     1     4     1      40    60      80     200    225    1          45     1         06    05    6     15    14    12
18390-18432     18390    18432     4     1     4     1      40    60      80     200    225    1          45     1         06    05    6     15    14    12
18450-18694     18450    18694     2     1     4     1      40    65      85     265    295    1          45     1         06    05    6     15    14    12
18695-18728     18695    18728     4     1     4     1      45    65      85     265    295    1          45     1         06    05    6     15    14    12
18735-18767     18735    18767     4     1     4     1      35    55      75     215    245    1          45     1         10    05    6     15    14    12
18768-19067     18768    19067     2     1     4     1      40    55      75     215    245    1          45     1         10    05    6     15    14    12
19074-19383     19074    19383     2    -1     4     1      40    60      80     240    270    1          45     1         06    30    6     15    14    12
19392-19651     19392    19651     2    -1     4     1      40    60      80     240    270    1          45     1         06    30    6     15    14    12
19652-19704     19652    19704     4    -1     4     1      40    60      80     240    270    1          45     1         06    30    6     15    14    12
19712-19961     19712    19961     2    -1     4     1      40    60      80     240    270    1          45     1         10    30    6     15    14    12
19980-20255     19980    20255     2    -1     4     1      40    60      80     240    270    1          45     1         10    30    6     15    14    12
20256-20308     20256    20308     4    -1     4     1      40    60      80     240    270    1          45     1         10    30    6     15    14    12
20314-20541     20314    20541     2    -1     4     1      40    60      80     260    290    1          45     1         06    05    6     15    14    12
20542-20574     20542    20574     4    -1     4     1      40    60      80     260    290    1          45     1         06    05    6     15    14    12
20610-20712     20610    20712     2    -1     4     1      40    60      80     230    260    1          45     1         10    05    6     15    14    12
20858-20910     20858    20910     4    -1     4     1      40    60      80     230    260    1          45     1         10    05    6     15    14    12
20917-21218     20917    21218     2    -1     4     1      40    60      80     230    260    1          45     1         10    05    6     15    14    12
21225-21542     21225    21542     2     1     4     1      40    60      80     230    260    1          45     1         06    30    6     15    14    12
21547-21821     21547    21821     2     1     4     1      40    60      80     230    260    1          45     1         10    30    6     15    14    12
21822-21854     21822    21854     4     1     4     1      40    60      80     230    260    1          45     1         10    30    6     15    14    12
21866-22142     21866    22142     2     1     4     1      40    60      80     230    260    1          45     1         06    05    6     15    14    12
22143-22175     22143    22175     4     1     4     1      40    60      80     230    260    1          45     1         06    30    6     15    14    12
22178-22460     22178    22460     2     1     4     1      40    60      80     230    260    1          45     1         10    05    6     15    14    12
22461-22493     22461    22493     4     1     4     1      40    60      80     230    260    1          45     1         10    05    6     15    14    12
22501-22769     22501    22769     2    -1     4     1      40    60      80     230    260    1          45     1         06    05    6     15    14    12
22770-22802     22770    22802     4    -1     4     1      40    60      80     230    260    1          45     1         06    05    6     15    14    12
22855-23145     22855    23145     2    -1     5     1      40    60      80     230    260    1          42     1         06    30    6     14    15    12
23170-23472     23170    23472     2    -1     5     1      40    60      80     230    260    1          42     1         10    30    6     14    15    12
23473-23750     23473    23750     2    -1     5     1      40    60      80     230    260    1          42     1         06    05    6     14    15    12
23750-23782     23750    23782     4    -1     5     1      40    60      80     230    260    1          42     1         06    05    6     15    12    14
23783-23815     23783    23815     4    -1     5     1      40    60      80     230    260    1          42     1         06    30    6     15    12    14
23820-24070     23820    24070     2    -1     5     1      40    60      80     220    250    1          100    1         10    05    6     14    15    12
24071-24103     24071    24103     4    -1     5     1      40    60      80     220    250    1          100    1         10    05    6     15    12    14
24104-24136     24104    24136     4    -1     5     1      40    60      80     220    250    1          100    1         10    30    6     15    12    14
24140-24412     24140    24412     2     1     5     1      40    60      80     220    250    1          30     1         06    30    6     14    15    12
24413-24445     24413    24445     4     1     5     1      40    60      80     220    250    1          30     1         06    30    6     15    12    14
24449-24747     24449    24747     2     1     5     1      40    60      80     220    250    1          70     1         10    30    6     14    15    12
24748-24780     24748    24780     4     1     5     1      40    60      80     220    250    1          40     1         10    30    6     15    12    14
24786-25088     24786    25088     2     1     5     1      40    60      80     220    250    1          40     1         06    05    6     14    15    12
25093-25125     25093    25125     4     1     5     1      40    60      80     220    250    1          40     1         06    05    6     15    12    14
25130-25453     25130    25453     2     1     5     1      40    60      80     220    250    1          75     1         10    05    6     14    15    12
25454-25486     25454    25486     4     1     5     1      40    60      80     220    250    1          75     1         10    05    6     15    12    14
25492-25780     25492    25780     2    -1     5     1      40    60      80     220    250    1          60     1         06    30    6     14    15    12
25812-26067     25812    26067     2    -1     5     1      40    60      80     220    250    1          70     1         06    30    6     14    15    12
26068-26100     26068    26100     4    -1     5     1      40    60      80     220    250    1          75     1         06    30    6     15    12    14
26110-26391     26110    26391     2    -1     5     1      40    60      80     220    250    1          70     1         10    30    6     14    15    12
26409-26709     26409    26709     2    -1     5     1      40    60      80     220    250    1          65     1         10    30    6     14    15    12
26710-26742     26710    26742     4    -1     5     1      40    60      80     220    250    1          65     1         10    30    6     15    12    14
26748-27038     26748    27038     2    -1     5     1      40    60      80     230    260    1          65     1         06    05    6     14    15    12
27038-27070     27038    27070     4    -1     5     1      40    60      80     220    250    1          65     1         06    05    6     15    12    14
27075-27201     27075    27201     2    -1     5     1      40    60      80     230    260    1          65     1         10    05    6     14    15    12
27367-27419     27367    27419     4    -1     5     1      40    60      80     220    250    1          65     1         10    05    6     15    12    14
27420-27734     27420    27734     2    -1     5     1      40    60      80     230    260    1          65     1         10    05    6     14    15    12
27752-28065     27752    28065     2     1     5     1      40    60      80     230    260    1          65     1         06    05    6     14    15    12
28066-28098     28066    28098     4     1     5     1      40    60      80     220    250    1          65     1         06    05    6     15    12    14
28102-28340     28102    28340     2     1     5     1      40    60      80     230    260    1          60     1         10    05    6     14    15    12
28341-28373     28341    28373     4     1     5     1      40    60      80     220    250    1          60     1         10    05    6     15    12    14
28380-28675     28380    28675     2     1     5     1      40    60      80     230    260    1          60     1         06    30    6     14    15    12
28676-28687     28676    28687     4     1     5     1      40    60      80     220    250    1          60     1         06    30    6     15    12    14
28689-28714     28689    28714     4     1     5     1      40    60      80     220    250    1          60     1         06    30    6     15    12    14
28725-29001     28725    29001     2     1     5     1      40    60      80     220    250    1          60     1         10    30    6     14    15    12
29031-29303     29031    29303     2     1     5     1      40    60      80     220    250    1          60     1         10    30    6     14    15    12
29304-29336     29304    29336     4     1     5     1      40    60      80     220    250    1          60     1         10    30    6     15    12    14
29358-29630     29358    29630     2     1     5     1      40    60      80     220    250    1          60     1         06    30    6     14    15    12
29631-29663     29631    29663     4     1     5     1      40    60      80     220    250    1          60     1         06    30    6     15    12    14
29691-29985     29691    29985     2     1     5     1      40    60      80     220    250    1          60     1         10    30    6     14    15    12
29986-30022     29986    30022     4     1     5     1      40    60      80     220    250    1          60     1         10    30    6     15    12    14
30755-30987     30755    30987     2     1     6     1      40    60      80     220    250    1          80     1         06    05    6     12    15    14
30989-31020     30989    31020     4     1     6     1      40    60      80     220    250    1          80     1         06    05    6     15    12    14
31025-31352     31025    31352     2     1     6     1      40    60      80     180    210    1          80     1         10    05    6     12    15    14
31353-31385     31353    31385     4     1     6     1      40    60      80     180    210    1          80     1         10    05    6     12    15    14
31389-31674     31389    31674     2     1     6     1      40    55      75     235    265    1          80     1         06    30    6     12    15    14
31675-31707     31675    31707     4     1     6     1      40    55      75     235    265    1          80     1         06    30    6     12    15    14
31711-31825     31711    31825     2     1     6     1      40    55      75     235    265    1          80     1         10    30    6     12    15    14
31835-31868     31835    31868     4     1     6     1      40    55      75     235    265    1          80     1         10    30    6     12    15    14
31874-32176     31874    32176     2     1     6     1      30    45      65     225    255    1          80     1         10    30    6     12    15    14
32180-32477     32180    32477     2    -1     6     1      35    50      70     230    260    1          80     1         06    05    6     12    15    14
32478-32510     32478    32510     4    -1     6     1      30    50      70     230    260    1          80     1         06    05    6     12    15    14
32513-32772     32513    32772     2    -1     6     1      35    50      70     230    260    1          80     1         10    05    6     12    15    14
32773-32805     32773    32805     4    -1     6     1      35    50      70     230    260    1          80     1         10    05    6     12    15    14
32812-33058     32812    33058     2    -1     6     1      35    50      70     240    270    1          80     1         06    30    6     12    15    14
33062-33094     33062    33094     4    -1     6     1      35    50      70     240    270    1          80     1         06    30    6     12    15    14
33105-33344     33105    33344     2    -1     6     1      35    50      70     240    270    1          80     1         10    30    6     12    15    14
33345-33379     33345    33379     4    -1     6     1      35    50      70     240    270    1          80     1         10    30    6     12    15    14
33385-33657     33385    33657     2     1     6     1      35    50      70     240    270    1          80     1         06    05    6     12    15    14
33658-33690     33658    33690     4     1     6     1      35    50      70     240    270    1          80     1         06    05    6     12    15    14
33698-33957     33698    33957     2     1     6     1      35    50      70     240    270    1          80     1         10    05    6     12    15    14
33958-33990     33958    33990     4     1     6     1      35    50      70     240    270    1          80     1         10    05    6     12    15    14
33995-34027     33995    34027     4     1     6     1      35    50      70     240    270    1          80     1         06    05    6     12    15    14
34028-34277     34028    34277     2     1     6     1      35    50      70     240    270    1          55     1         06    30    6     12    15    14
34283-34605     34283    34605     2     1     6     1      35    50      70     240    270    1          55     1         10    30    6     12    15    14
34606-34638     34606    34638     4     1     6     1      35    50      70     240    270    1          55     1         10    30    6     12    15    14
34643-34889     34643    34889     2     1     6     1      35    50      70     240    270    1          55     1         06    30    6     12    15    14
34890-34922     34890    34922     4     1     6     1      35    50      70     240    270    1          55     1         06    30    6     12    15    14
34926-35200     34926    35200     2    -1     6     1      35    50      70     240    270    1          70     1         06    05    6     12    15    14
35201-35233     35201    35233     4    -1     6     1      35    50      70     240    270    1          55     1         06    05    6     12    15    14
35237-35515     35237    35515     2    -1     6     1      35    50      70     240    270    1          70     1         10    05    6     12    15    14
35516-35550     35516    35550     4    -1     6     1      35    50      70     240    270    1          70     1         10    05    6     12    15    14
35556-35829     35556    35829     2    -1     6     1      35    50      70     240    270    1          70     1         06    30    6     12    15    14
35830-35862     35830    35862     4    -1     6     1      35    50      70     240    270    1          70     1         06    30    6     12    15    14
35867-36148     35867    36148     2    -1     6     1      35    50      70     240    270    1          70     1         10    30    6     12    15    14
36149-36181     36149    36181     4    -1     6     1      35    50      70     240    270    1          70     1         10    30    6     12    15    14
36185-36217     36185    36217     4    -1     6     1      35    50      70     240    270    1          70     1         06    30    6     12    15    14
36218-36496     36218    36496     2    -1     6     1      35    50      70     240    270    1          70     1         06    30    6     12    15    14
36500-36797     36500    36797     2    -1     6     1      35    50      70     240    270    1          60     1         10    30    6     12    15    14
36798-36830     36798    36830     4    -1     6     1      35    50      70     240    270    1          70     1         10    30    6     12    15    14
37241-37311     37241    37311     2    -1     7     0      35    55      70     240    270    1          60     1         06    30    6     15    12    14
37445-37490     37445    37490     2    -1     7     0      35    55      70     240    270    1          60     1         06    30    6     15    12    14
37491-37523     37491    37523     4    -1     7     0      35    55      70     240    270    1          60     1         06    30    6     15    12    14
37534-37819     37534    37819     2    -1     7     0      35    50      70     240    270    1          60     1         06    30    6     15    12    14
37821-38123     37821    38123     2    -1     7     0      35    50      70     240    270    1          60     1         10    30    6     15    12    14
38124-38174     38124    38174     4    -1     7     0      35    50      70     240    270    1          60     1         10    30    6     15    12    14
38178-38384     38178    38384     2    -1     7     0      35    50      70     240    270    1          60     1         06    05    6     15    12    14
38385-38417     38385    38417     4    -1     7     0      35    50      70     240    270    1          60     1         06    05    6     15    12    14
38427-38689     38427    38689     2    -1     7     0      35    50      70     240    270    1          60     1         10    05    6     15    12    14
38690-38724     38690    38724     4    -1     7     0      35    50      70     240    270    1          60     1         10    05    6     15    12    14
38728-38987     38728    38987     2    -1     7     0      35    50      70     240    270    1          60     1         06    30    6     15    12    14
38988-39020     38988    39020     4    -1     7     0      35    50      70     240    270    1          60     1         06    30    6     15    12    14
39031-39300     39031    39300     2    -1     7     0      35    50      70     240    270    1          60     1         10    30    6     15    12    14
39301-39333     39301    39333     4    -1     7     0      35    50      70     240    270    1          60     1         10    30    6     15    12    14
39335-39367     39335    39367     4    -1     7     0      35    50      70     240    270    1          60     1         06    05    6     15    12    14
39368-39668     39368    39668     2    -1     7     0      35    50      70     240    270    1          60     1         06    05    6     15    12    14
39674-39969     39674    39969     2    -1     7     0      35    50      70     240    270    1          60     1         10    05    6     15    12    14
39970-40002     39970    40002     4    -1     7     0      35    50      70     240    270    1          60     1         10    05    6     15    12    14
40006-40252     40006    40252     2     1     7     0      35    50      70     240    270    1          60     1         06    30    6     15    12    14
40270-40302     40270    40302     4     1     7     0      35    50      70     240    270    1          60     1         06    30    6     15    12    14
40306-40552     40306    40552     2     1     7     0      35    50      70     240    270    1          60     1         10    30    6     15    12    14
40553-40585     40553    40585     4     1     7     0      35    50      70     240    270    1          60     1         10    30    6     15    12    14
40595-40860     40595    40860     2     1     7     0      35    50      70     240    270    1          60     1         06    30    6     15    12    14
40894-41116     40894    41116     2     1     7     0      35    50      70     240    270    1          60     1         06    30    6     15    12    14
41145-41372     41145    41372     2     1     7     0      35    50      70     240    270    1          60     1         06    30    6     15    12    14
41405-41668     41405    41668     2     1     7     0      35    50      70     240    270    1          60     1         06    30    6     15    12    14
41673-41987     41673    41987     2     1     7     0      35    50      70     240    270    1          60     1         10    30    6     15    12    14
41991-42286     41991    42286     4     1     7     0      35    50      70     240    270    1          60     1         06    30    6     15    12    14
42293-42561     42293    42561     2     1     7     0      35    50      70     240    270    1          80     1         06    30    6     15    12    14
42641-42927     42641    42927     2     1     7     0      35    50      70     240    270    1          80     1         06    30    6     15    12    14
42928-42960     42928    42960     4     1     7     0      35    50      70     240    270    1          70     1         06    30    6     15    12    14
42965-43235     42965    43235     2     1     7     0      35    50      70     240    270    1          80     1         10    30    6     15    12    14
43235-43267     43235    43267     4     1     7     0      35    50      70     240    270    1          70     1         10    30    6     15    12    14
43273-43305     43273    43305     4     1     7     0      35    50      70     240    270    1          70     1         06    05    6     15    12    14
43306-43585     43306    43585     2     1     7     0      35    50      70     240    270    1          80     1         06    05    6     15    12    14
43588-43964     43588    43964     2     1     7     0      35    50      70     240    270    1          80     1         10    05    6     15    12    14
43965-43997     43965    43997     4     1     7     0      35    50      70     240    270    1          70     1         10    05    6     15    12    14
44001-44293     44001    44293     2    -1     7     0      35    50      70     240    270    1          80     1         06    30    6     15    12    14
44294-44326     44294    44326     4    -1     7     0      35    50      70     240    270    1          70     1         06    30    6     15    12    14
44330-44600     44330    44600     2    -1     7     0      35    50      70     240    270    1          80     1         10    30    6     15    12    14
44601-44633     44601    44633     4    -1     7     0      35    50      70     240    270    1          70     1         10    30    6     15    12    14
44659-44913     44659    44913     2    -1     7     0      35    50      70     240    270    1          80     1         06    05    6     15    12    14
44914-44949     44914    44949     4    -1     7     0      35    50      70     240    270    1          70     1         06    05    6     15    12    14
44965-45220     44965    45220     2    -1     7     0      35    50      70     240    270    1          80     1         10    05    6     15    12    14
45221-45253     45221    45253     4    -1     7     0      35    50      70     240    270    1          70     1         10    05    6     15    12    14
45280-45312     45280    45312     4     1     7     0      35    50      70     240    270    1          70     1         06    30    6     15    12    14
45313-45590     45313    45590     2     1     7     0      35    50      70     240    270    1          80     1         06    30    6     15    12    14
45592-45916     45592    45916     2     1     7     0      35    50      70     240    270    1          80     1         10    30    6     15    12    14
45919-46165     45919    46165     2     1     7     0      35    50      70     240    270    1          80     1         06    05    6     15    12    14
46166-46198     46166    46198     4     1     7     0      35    50      70     240    270    1          80     1         06    05    6     15    12    14
46199-46231     46199    46231     4     1     7     0      35    50      70     240    270    1          80     1         10    30    6     15    12    14
46234-46478     46234    46478     2     1     7     0      35    50      70     240    270    1          80     1         10    05    6     15    12    14
46479-46511     46479    46511     4    -1     7     0      35    50      70     240    270    1          80     1         10    05    6     15    12    14
46520-46791     46520    46791     2    -1     7     0      35    50      70     240    270    1          80     1         06    30    6     15    12    14
46792-46824     46792    46824     4    -1     7     0      35    50      70     240    270    1          80     1         06    30    6     15    12    14
46829-47096     46829    47096     2    -1     7     0      35    50      70     240    270    1          80     1         10    30    6     15    12    14
47097-47129     47097    47129     4    -1     7     0      35    50      70     240    270    1          80     1         10    30    6     15    12    14
47134-47422     47134    47422     2    -1     7     0      35    50      70     240    270    1          80     1         06    05    6     15    12    14
47423-47455     47423    47455     4    -1     7     0      35    50      70     240    270    1          80     1         06    05    6     15    12    14
47463-47495     47463    47495     4    -1     7     0      35    50      70     240    270    1          80     1         10    05    6     15    12    14
47496-47787     47496    47787     2    -1     7     0      35    50      70     240    270    1          80     1         10    05    6     15    12    14
47793-48100     47793    48100     2    -1     7     0      35    50      70     240    270    1          80     1         06    30    6     15    12    14
48105-48364     48105    48364     2    -1     7     0      35    50      70     240    270    1          80     1         10    30    6     15    12    14
48368-48651     48368    48651     2     1     7     0      35    50      70     240    270    1          80     1         10    30    6     15    12    14
48656-48688     48656    48688     4     1     7     0      35    50      70     240    270    1          80     1         10    30    6     15    12    14
48692-48978     48692    48978     2     1     7     0      35    50      70     240    270    1          80     1         10    30    6     15    12    14
48984-49224     48984    49224     2     1     7     0      35    50      70     240    270    1          80     1         10    30    6     15    12    14
49224-49258     49224    49258     4     1     7     0      35    50      70     240    270    1          80     1         10    30    6     15    12    14
49264-49491     49264    49491     2     1     7     0      35    50      70     240    270    1          80     1         10    30    6     15    12    14
49521-49756     49521    49756     2     1     7     0      35    50      70     240    270    1          80     1         10    30    6     15    12    14
49759-50059     49759    50059     2     1     7     0      35    50      70     240    270    1          80     1         06    30    6     15    12    14
50063-50323     50063    50323     2    -1     7     0      35    50      70     240    270    1          80     1         10    30    6     15    12    14
50324-50358     50324    50358     4    -1     7     0      35    50      70     240    270    1          80     1         10    30    6     15    12    14
50363-50601     50363    50601     2    -1     7     0      35    50      70     240    270    1          80     1         10    30    14    12    15    6
50602-50634     50602    50634     4    -1     7     0      35    50      70     240    270    1          80     1         10    30    14    12    15    6
50655-50908     50655    50908     2    -1     7     0      35    50      70     240    270    1          80     1         06    30    14    12    15    6
50909-50941     50909    50941     4    -1     7     0      35    50      70     240    270    1          80     1         06    30    14    12    15    6
50945-51216     50945    51216     2     1     7     0      35    50      70     240    270    1          80     1         10    05    14    12    15    6
51217-51249     51217    51249     4     1     7     0      35    50      70     240    270    1          80     1         10    05    14    12    15    6
51254-51286     51254    51286     4     1     7     0      35    50      70     240    270    1          80     1         06    05    14    12    15    6
51287-51583     51287    51583     2     1     7     0      35    50      70     240    270    1          80     1         06    05    14    12    15    6
51591-51869     51591    51869     2     1     7     0      35    50      70     240    270    1          80     1         10    05    14    12    15    6
51870-51902     51870    51902     4     1     7     0      35    50      70     240    270    1          80     1         10    05    14    12    15    6
51907-52139     51907    52139     2     1     7     0      35    50      70     240    270    1          80     1         10    05    14    12    15    6
52140-52172     52140    52172     4     1     7     0      35    50      70     240    270    1          80     1         10    05    14    12    15    6
52197-52321     52197    52321     2     1     8     1      35    50      70     240    270    1          100    1         06    30    6     15    12    14
52413-52674     52413    52674     2     1     8     1      35    50      70     240    270    1          100    1         06    30    6     15    12    14
52675-52707     52675    52707     4     1     8     1      35    50      70     240    270    1          100    1         06    30    6     15    12    14
52710-52936     52710    52936     2     1     8     1      35    50      70     240    270    1          100    1         10    30    6     15    12    14
52937-52969     52937    52969     4     1     8     1      35    50      70     240    270    1          60     1         10    30    6     15    12    14
52973-53248     52973    53248     2     1     8     1      35    50      70     240    270    1          100    1         06    05    6     15    12    14
53249-53282     53249    53282     4     1     8     1      35    50      70     240    270    1          100    1         06    05    6     15    12    14
53286-53570     53286    53570     2     1     8     1      35    50      70     240    270    1          100    1         10    05    6     15    12    14
53571-53603     53571    53603     4     1     8     1      35    50      70     240    270    1          100    1         10    05    6     15    12    14
53607-53884     53607    53884     2    -1     8     1      35    50      70     240    270    1          100    1         06    30    6     15    12    14
53885-53917     53885    53917     4    -1     8     1      35    50      70     240    270    1          100    1         06    30    6     15    12    14
53941-53973     53941    53973     4    -1     8     1      35    50      70     245    270    1          100    1         10    30    6     15    12    14
53974-54163     53974    54163     2    -1     8     1      35    50      70     240    270    1          100    1         10    30    6     15    12    14
54170-54476     54170    54476     2    -1     8     1      35    50      70     240    270    1          100    1         10    30    6     15    12    14
54477-54558     54477    54558     4    -1     8     1      35    50      70     240    270    1          100    1         06    05    6     15    12    14
54564-54797     54564    54797     2    -1     8     1      35    50      70     240    270    1          100    1         06    05    6     15    12    14
54800-55096     54800    55096     2    -1     8     1      35    50      70     240    270    1          70     1         10    05    6     15    12    14
55097-55129     55097    55129     4    -1     8     1      35    50      70     240    270    1          100    1         10    05    6     15    12    14
55134-55391     55134    55391     2     1     8     1      35    50      70     240    270    1          70     1         06    30    6     15    12    14
55392-55424     55392    55424     4     1     8     1      35    50      70     240    270    1          100    1         06    30    6     15    12    14
55440-55707     55440    55707     2     1     8     1      35    50      70     240    270    1          70     1         10    30    6     15    12    14
55708-55740     55708    55740     4     1     8     1      35    50      70     240    270    1          70     1         10    30    6     15    12    14
55746-56017     55746    56017     2     1     8     1      35    50      70     240    270    1          70     1         06    05    6     15    12    14
56018-56050     56018    56050     4     1     8     1      35    50      70     240    270    1          70     1         06    05    6     15    12    14
56054-56346     56054    56346     2     1     8     1      35    50      70     240    270    1          70     1         10    05    6     15    12    14
56347-56379     56347    56379     4     1     8     1      35    50      70     240    270    1          70     1         10    05    6     15    12    14
56383-56415     56383    56415     4    -1     8     1      35    50      70     240    270    1          70     1         06    30    6     15    12    14
56416-56710     56416    56710     2    -1     8     1      35    50      70     240    270    1          70     1         06    30    6     15    12    14
56711-56993     56711    56993     2    -1     8     1      35    50      70     240    270    1          70     1         10    30    6     15    12    14
56994-57026     56994    57026     4    -1     8     1      35    50      70     240    270    1          70     1         10    30    6     15    12    14
57033-57274     57033    57274     2    -1     8     1      35    50      70     240    270    1          85     1         10    30    6     15    12    14
57275-57307     57275    57307     4    -1     8     1      35    50      70     240    270    1          70     1         10    30    6     15    12    14
57322-57574     57322    57574     2    -1     8     1      35    50      70     240    270    1          70     1         10    30    6     15    12    14
57596-57628     57596    57628     4    -1     8     1      35    50      70     240    270    1          70     1         10    30    6     15    12    14
57635-57890     57635    57890     2    -1     8     1      35    50      70     240    270    1          15     1         06    05    6     15    12    14
57891-57923     57891    57923     4    -1     8     1      35    50      70     240    270    1          70     1         06    05    6     15    12    14
57927-58194     57927    58194     2    -1     8     1      35    50      70     240    270    1          100    1         10    05    6     15    12    14
58235-58519     58235    58519     2    -1     8     1      35    50      70     240    270    1          20     1         06    30    6     15    12    14
58523-58870     58523    58870     2    -1     8     1      35    50      70     240    270    1          20     1         10    05    6     15    12    14
58871-59148     58871    59148     2    -1     8     1      35    50      70     240    270    1          30     1         06    05    6     15    12    14
59153-59440     59153    59440     2    -1     8     1      35    50      70     240    270    1          30     1         06    30    6     15    12    14
59445-59693     59445    59693     2    -1     8     1      35    50      70     240    270    1          30     1         10    05    6     15    12    14
59698-59933     59698    59933     2    -1     8     1      35    50      70     240    270    1          30     1         06    30    6     15    12    14
59993-60213     59993    60213     2    -1     9     1      35    50      70     240    270    1          100    1         06    30    6     12    15    14
60214-60246     60214    60246     4    -1     9     1      35    50      70     240    270    1          100    1         06    30    6     12    15    14
60252-60486     60252    60486     2    -1     9     1      35    50      70     240    270    1          100    1         10    30    6     12    15    14
60546-60836     60546    60836     2    -1     9     1      35    50      70     240    270    1          100    1         06    05    6     12    15    14
60842-61107     60842    61107     2    -1     9     1      35    50      70     240    270    1          100    1         10    05    6     12    15    14
61108-61160     61108    61160     4    -1     9     1      35    50      70     240    270    1          100    1         10    05    6     12    15    14
61161-61193     61161    61193     4    -1     9     1      35    50      70     240    270    1          100    1         06    05    6     12    15    14
61200-61430     61200    61430     2     1     9     1      35    50      70     240    270    1          80     1         06    30    6     12    15    14
61431-61463     61431    61463     4     1     9     1      35    50      70     240    270    1          80     1         06    30    6     12    15    14
61469-61712     61469    61712     2     1     9     1      35    50      70     240    270    1          80     1         10    30    6     12    15    14
61713-61745     61713    61745     4     1     9     1      35    50      70     240    270    1          80     1         10    30    6     12    15    14
61770-62015     61770    62015     2     1     9     1      35    50      70     240    270    1          80     1         06    05    6     12    15    14
62016-62048     62016    62048     4     1     9     1      35    50      70     240    270    1          80     1         06    05    6     12    15    14
62059-62323     62059    62323     2     1     9     1      35    50      70     240    270    1          80     1         10    05    6     12    15    14
62324-62356     62324    62356     4     1     9     1      35    50      70     240    270    1          80     1         10    05    6     12    15    14
62364-62615     62364    62615     2    -1     9     1      35    50      70     240    270    1          80     1         06    30    6     12    15    14
62616-62648     62616    62648     4    -1     9     1      35    50      70     240    270    1          80     1         06    30    6     12    15    14
62654-62877     62654    62877     2    -1     9     1      35    50      70     240    270    1          80     1         10    30    6     12    15    14
62878-62910     62878    62910     4    -1     9     1      35    50      70     240    270    1          80     1         10    30    6     12    15    14
62917-63191     62917    63191     2    -1     9     1      35    50      70     240    270    1          80     1         06    05    6     12    15    14
63194-63226     63194    63226     4    -1     9     1      35    50      70     240    270    1          80     1         06    05    6     12    15    14
63235-63498     63235    63498     2    -1     9     1      35    50      70     240    270    1          80     1         10    05    6     12    15    14
63499-63531     63499    63531     4    -1     9     1      35    50      70     240    270    1          80     1         10    05    6     12    15    14
63537-63819     63537    63819     2     1     9     1      35    50      70     240    270    1          80     1         06    30    6     12    15    14
63859-64123     63859    64123     2     1     9     1      35    50      70     240    270    1          80     1         06    30    6     12    15    14
64124-64156     64124    64156     4     1     9     1      35    50      70     240    270    1          80     1         06    30    6     12    15    14
64160-64410     64160    64410     2     1     9     1      35    50      70     240    270    1          80     1         10    30    6     12    15    14
64411-64443     64411    64443     4     1     9     1      35    50      70     240    270    1          80     1         10    30    6     12    15    14
64449-64705     64449    64705     2     1     9     1      35    50      70     240    270    1          80     1         06    05    6     12    15    14
64706-64759     64706    64759     4     1     9     1      35    50      70     240    270    1          80     1         06    05    6     12    15    14
64770-65025     64770    65025     2     1     9     1      35    50      70     240    270    1          80     1         10    05    6     12    15    14
65026-65066     65026    65066     4     1     9     1      35    50      70     240    270    1          80     1         10    05    6     12    15    14
65071-65333     65071    65333     2    -1     9     1      35    50      70     240    270    1          75     1         06    05    6     12    15    14
65334-65366     65334    65366     4    -1     9     1      35    50      70     240    270    1          75     1         06    05    6     12    15    14
65373-65627     65373    65627     2    -1     9     1      35    50      70     240    270    1          75     1         06    05    6     12    15    14
65628-65660     65628    65660     4    -1     9     1      35    50      70     240    270    1          75     1         06    05    6     12    15    14
65665-65904     65665    65904     2    -1     9     1      35    50      70     240    270    1          75     1         10    05    6     12    15    14
65919-65951     65919    65951     4    -1     9     1      35    50      70     240    270    1          75     1         10    05    6     12    15    14
65956-66227     65956    66227     2     1     9     1      35    50      70     240    270    1          75     1         10    30    6     12    15    12
66228-66262     66228    66262     4     1     9     1      35    50      70     240    270    1          75     1         10    30    6     12    15    14
66279-66540     66279    66540     2     1     9     1      35    50      70     240    270    1          75     1         06    30    6     12    15    12
66541-66573     66541    66573     4     1     9     1      35    50      70     240    270    1          75     1         06    30    6     12    15    14
66659-66876     66659    66876     2     1     10    1      35    50      70     240    270    1          85     1         06    30    6     14    15    12
66877-66909     66877    66909     4     1     10    1      35    50      70     240    270    1          70     1         06    30    6     14    15    12
66914-67169     66914    67169     2     1     10    1      35    55      70     240    270    1          70     1         10    30    6     14    15    12
67170-67202     67170    67202     4     1     10    1      35    50      70     240    270    1          70     1         10    30    6     14    15    12
67238-67526     67238    67526     2     1     10    1      35    60      75     240    270    1          70     1         06    05    6     14    15    12
67545-67756     67545    67756     2     1     10    1      35    50      70     240    270    1          85     1         10    05    6     14    15    12
67839-68088     67839    68088     2     1     10    1      35    60      70     241    251    1          85     1         10    05    6     14    15    12
68102-68353     68102    68353     2    -1     10    1      35    50      70     240    270    1          85     1         06    30    6     14    15    12
68354-68386     68354    68386     4    -1     10    1      35    50      70     240    270    1          70     1         06    30    6     14    15    12
68390-68640     68390    68640     2    -1     10    1      35    85      75     240    270    1          70     1         10    30    6     14    15    12
68641-68676     68641    68676     4    -1     10    1      35    50      70     240    270    1          70     1         10    30    6     14    15    12
68690-68926     68690    68926     2    -1     10    1      35    85      70     240    270    1          85     1         06    05    6     14    15    12
68927-68966     68927    68966     4    -1     10    1      35    50      70     240    270    1          70     1         06    05    6     14    15    12
68969-69197     68969    69197     2    -1     10    1      35    40      70     241    251    1          85     1         06    05    6     14    15    12
69198-69230     69198    69230     4    -1     10    1      35    50      70     240    270    1          40     1         06    05    6     14    15    12
69237-69513     69237    69513     2    -1     10    1      35    50      70     240    270    1          40     1         10    05    6     14    15    12
69514-69546     69514    69546     4    -1     10    1      35    50      70     240    270    1          40     1         10    05    6     14    15    12
69612-69781     69612    69781     2    -1     10    1      35    50      70     240    270    1          40     1         10    05    6     14    15    12
69801-70085     69801    70085     2     1     10    1      32    55      70     240    265    1          40     1         06    30    6     14    15    12
70086-70118     70086    70118     4     1     10    1      32    55      70     240    265    1          40     1         06    30    6     14    15    12
70133-70387     70133    70387     2     1     10    1      35    52      70     240    270    1          40     1         10    30    6     14    15    12
70388-70430     70388    70430     4     1     10    1      35    51      70     240    270    1          40     1         10    30    6     14    15    12
70456-70708     70456    70708     2     1     10    1      35    55      70     240    265    1          40     1         06    05    6     14    15    12
70709-70741     70709    70741     4     1     10    1      35    55      70     240    265    1          40     1         06    05    6     14    15    12
70748-71026     70748    71026     2     1     10    1      35    50      70     240    270    1          40     1         10    05    6     14    15    12
71027-71071     71027    71071     4     1     10    1      35    50      70     240    270    1          40     1         10    05    6     14    15    12
71101-71256     71101    71256     2    -1     10    1      35    55      70     240    265    1          40     1         06    30    6     14    15    12
71292-71529     71292    71529     2    -1     10    1      35    50      70     240    270    1          40     1         06    30    6     14    15    12
71535-71829     71535    71829     2    -1     10    1      35    50      70     240    270    1          40     1         10    30    6     14    15    12
71830-71865     71830    71865     4    -1     10    1      35    50      70     240    270    1          40     1         10    30    6     14    15    12
71866-71923     71866    71923     4    -1     10    1      35    50      70     240    270    1          40     1         06    30    6     14    15    12
71928-72189     71928    72189     2    -1     10    1      35    50      70     240    270    1          40     1         06    05    6     14    15    12
72190-72222     72190    72222     4    -1     10    1      35    50      70     240    270    1          40     1         06    05    6     14    15    12
72226-72465     72226    72465     2    -1     10    1      35    50      70     240    270    1          40     1         10    05    6     14    15    12
72466-72498     72466    72498     4    -1     10    1      35    50      70     240    270    1          40     1         10    05    6     14    15    12
72514-72781     72514    72781     2     1     10    1      35    54      70     240    270    1          40     1         06    30    6     14    15    12
72782-72814     72782    72814     4     1     10    1      35    54      70     240    270    1          40     1         06    30    6     14    15    12
72826-73055     72826    73055     2     1     10    1      35    55      70     240    270    1          40     1         10    30    6     14    15    12
73056-73098     73056    73098     4     1     10    1      35    54      70     240    270    1          40     1         10    30    6     14    15    12
75131-75388     75131    75388     2     1     11    1      35    50      70     240    270    1          50     1         06    30    6     15    14    12
75389-75421     75389    75421     4     1     11    1      35    50      70     240    270    1          50     1         06    30    6     12    15    14
75445-75658     75445    75658     2     1     11    1      35    50      70     240    270    1          50     1         10    30    6     15    14    12
75664-75949     75664    75949     2     1     11    1      35    50      70     240    270    1          70     1         10    30    6     15    14    12
75953-75985     75953    75985     4     1     11    1      35    50      70     240    270    1          50     1         10    30    6     12    15    14
75991-76246     75991    76246     2     1     11    1      35    50      70     240    270    1          70     1         06    05    6     15    14    12
76247-76279     76247    76279     4     1     11    1      35    50      70     240    270    1          50     1         06    05    6     12    15    14
76286-76548     76286    76548     2     1     11    1      40    55      75     240    270    1          70     1         10    05    6     15    14    12
76549-76581     76549    76581     4     1     11    1      40    55      75     240    270    1          70     1         10    05    6     12    15    14
76585-76617     76585    76617     4     1     11    1      40    55      75     240    270    1          70     1         06    30    6     12    15    14
76618-76895     76618    76895     2     1     11    1      40    55      75     240    270    1          70     1         06    30    6     15    14    12
76898-77198     76898    77198     2    -1     11    1      40    55      75     240    270    1          90     1         06    30    6     15    14    12
77199-77231     77199    77231     4    -1     11    1      40    55      75     240    270    1          90     1         06    30    6     12    15    14
77235-77483     77235    77483     2    -1     11    1      40    55      75     240    270    1          90     1         10    30    6     15    14    12
77484-77516     77484    77516     4    -1     11    1      40    55      75     240    270    1          90     1         10    30    6     12    15    14
77534-77796     77534    77796     2    -1     11    1      40    55      75     240    270    1          90     1         06    05    6     15    14    12
77797-77829     77797    77829     4    -1     11    1      40    55      75     240    270    1          90     1         06    05    6     14    15    12
77906-78123     77906    78123     2    -1     11    1      40    55      75     240    270    1          90     1         10    05    6     15    14    12
78124-78147     78124    78147     4    -1     11    1      40    55      75     240    270    1          90     1         10    05    6     14    15    12
78193-78426     78193    78426     2    -1     11    1      40    55      75     240    270    1          90     1         10    05    6     15    14    12
78428-78455     78428    78455     4    -1     11    1      40    55      75     240    270    1          90     1         10    05    6     14    15    12
78467-78499     78467    78499     4    -1     11    1      40    55      75     240    270    1          90     1         06    05    6     14    15    12
78500-78785     78500    78785     2    -1     11    1      40    55      75     240    270    1          90     1         06    05    6     15    14    12
78790-79049     78790    79049     2    -1     11    1      40    55      75     240    270    1          90     1         10    05    6     15    14    12
79050-79085     79050    79085     4    -1     11    1      40    55      75     240    270    1          90     1         10    05    6     14    15    12
79093-79363     79093    79363     2     1     11    1      40    55      75     240    270    1          90     1         06    30    6     15    14    12
79367-79661     79367    79661     2     1     11    1      40    55      75     240    270    1          90     1         10    30    6     15    14    12
79662-79681     79662    79681     4     1     11    1      40    55      75     240    270    1          90     1         10    30    6     14    15    12
79712-79941     79712    79941     2     1     11    1      40    55      70     235    270    1          90     1         06    30    6     15    14    12
79942-79974     79942    79974     4     1     11    1      40    55      70     235    270    1          90     1         06    30    6     14    15    12
79987-80256     79987    80256     2     1     11    1      40    55      70     235    270    1          90     1         06    05    6     15    14    12
80258-80296     80258    80296     4     1     11    1      40    55      70     235    270    1          90     1         06    05    6     14    15    12
80316-80557     80316    80557     2     1     11    1      40    55      70     235    270    1          90     1         10    05    6     15    14    12
80558-80592     80558    80592     4     1     11    1      40    55      70     235    270    1          90     1         10    05    6     14    15    12
80598-80630     80598    80630     4    -1     11    1      40    55      70     235    270    1          90     1         06    30    6     14    15    12
80631-80911     80631    80911     2    -1     11    1      40    55      70     235    270    1          90     1         06    30    6     15    14    12
80921-81193     80921    81193     2    -1     11    1      40    55      70     235    270    1          90     1         10    30    6     15    14    12
81194-81221     81194    81221     4    -1     11    1      40    55      70     235    270    1          90     1         10    30    6     14    15    12
81225-81482     81225    81482     2    -1     11    1      40    55      70     235    270    1          90     1         06    05    6     15    14    12
81483-81515     81483    81515     4    -1     11    1      40    55      70     235    270    1          90     1         06    05    6     14    15    12
81522-81773     81522    81773     2    -1     11    1      40    55      70     235    270    1          90     1         10    05    6     15    14    12
81774-81806     81774    81806     4    -1     11    1      40    55      70     235    270    1          90     1         10    05    6     14    15    12
81811-82042     81811    82042     2    -1     11    1      40    55      70     235    270    1          90     1         06    30    6     15    14    12
82043-82078     82043    82078     4    -1     11    1      40    55      70     235    270    1          90     1         06    30    6     14    15    12
82084-82356     82084    82356     2     1     11    1      40    55      70     235    270    1          90     1         06    30    6     15    14    12
83100-83310     83100    83310     2     1     12    1      35    50      70     240    270    1          50     1         06    30    6     14    12    15
83311-83343     83311    83343     4     1     12    1      35    50      70     240    270    1          50     1         06    30    6     14    12    15
83372-83616     83372    83616     2     1     12    1      35    50      70     240    270    1          50     1         10    30    6     14    12    15
83617-83649     83617    83649     4     1     12    1      35    50      70     240    270    1          50     1         10    30    6     14    12    15
83657-83689     83657    83689     4     1     12    1      35    50      70     240    270    1          50     1         06    05    6     14    12    15
83690-83978     83690    83978     2     1     12    1      35    50      70     240    270    1          50     1         06    05    6     14    12    15
83983-84252     83983    84252     2     1     12    1      35    50      70     240    270    1          110    1         10    05    6     14    12    15
84253-84294     84253    84294     4     1     12    1      35    50      70     240    270    1          110    1         10    05    6     14    12    15
84299-84548     84299    84548     2    -1     12    1      35    50      70     240    270    1          110    1         06    30    6     14    12    15
84549-84581     84549    84581     4    -1     12    1      35    50      70     240    270    1          110    1         06    30    6     14    12    15
84582-84864     84582    84864     2    -1     12    1      35    50      70     240    270    1          110    1         10    30    6     14    12    15
84865-84897     84865    84897     4    -1     12    1      35    50      70     240    270    1          110    1         10    30    6     14    12    15
85535-85771     85535    85771     2    -1     12    1      35    50      70     240    270    1          80     1         06    05    6     14    12    15
85772-85804     85772    85804     4    -1     12    1      35    50      70     240    270    1          80     1         06    05    6     14    12    15
85809-86085     85809    86085     2    -1     12    1      35    50      70     240    270    1          80     1         10    05    6     14    12    15
86086-86118     86086    86118     4    -1     12    1      35    50      70     240    270    1          80     1         10    05    6     14    12    15
86122-86397     86122    86397     2     1     12    1      35    50      70     240    270    1          80     1         06    30    6     14    12    15
86398-86430     86398    86430     4     1     12    1      35    50      70     240    270    1          80     1         06    30    6     14    12    15
86445-86692     86445    86692     2     1     12    1      35    50      70     240    270    1          60     1         10    30    6     14    12    15
86693-86725     86693    86725     4     1     12    1      35    50      70     240    270    1          60     1         10    30    6     14    12    15
86726-86758     86726    86758     4     1     12    1      35    50      70     240    270    1          60     1         06    05    6     14    12    15
86759-87074     86759    87074     2     1     12    1      35    50      70     240    270    1          60     1         06    05    6     14    12    15
87095-87334     87095    87334     2     1     12    1      35    50      70     240    270    1          60     1         10    05    6     14    12    15
87335-87368     87335    87368     4     1     12    1      35    50      70     240    270    1          60     1         10    05    6     14    12    15
87440-87689     87440    87689     2    -1     12    1      35    50      70     240    270    1          80     1         06    30    6     14    12    46
87690-87722     87690    87722     4    -1     12    1      35    50      70     240    270    1          80     1         06    30    6     14    12    46
87727-87935     87727    87935     2    -1     12    1      35    50      70     240    270    1          80     1         10    30    6     14    12    46
87956-87991     87956    87991     4    -1     12    1      35    50      70     240    270    1          80     1         10    30    6     14    12    46
87992-88039     87992    88039     4    -1     12    1      35    50      70     240    270    1          80     1         10    05    6     14    12    46
88043-88316     88043    88316     2    -1     12    1      35    50      70     240    270    1          80     1         10    05    6     14    12    46
88320-88579     88320    88579     2    -1     12    1      35    50      70     240    270    1          80     1         06    05    6     14    12    46
88580-88647     88580    88647     4    -1     12    1      35    50      70     240    270    1          80     1         06    05    6     14    12    46
88651-88884     88651    88884     2    -1     12    1      35    50      70     240    270    1          80     1         06    05    6     14    12    46
88892-89197     88892    89197     2     1     12    1      35    50      70     240    270    1          80     1         10    05    6     14    12    46
89253-89499     89253    89499     2     1     13    0      35    50      70     240    270    1          60     1         06    30    6     12    14    46
89500-89532     89500    89532     4     1     13    0      35    50      70     240    270    1          60     1         06    30    6     12    14    46
89536-89817     89536    89817     2     1     13    0      35    50      70     240    270    1          60     1         10    30    6     12    14    46
89818-89850     89818    89850     4     1     13    0      35    50      70     240    270    1          60     1         10    30    6     12    14    46
89855-90102     89855    90102     2     1     13    0      35    50      70     240    270    1          60     1         06    05    6     12    14    46
90103-90135     90103    90135     4     1     13    0      35    50      70     240    270    1          60     1         06    05    6     12    14    46
90149-90392     90149    90392     2     1     13    0      35    50      70     240    270    1          60     1         10    05    6     12    14    46
90393-90425     90393    90425     4     1     13    0      35    50      70     240    270    1          60     1         10    05    6     12    14    46
90459-90671     90459    90671     2     1     13    0      35    50      70     240    270    1          60     1         10    30    6     12    14    46
90672-90704     90672    90704     4     1     13    0      35    50      70     240    270    1          60     1         10    30    6     12    14    46
90711-91001     90711    91001     2    -1     13    0      35    50      70     240    270    1          60     1         06    30    6     12    14    46
91002-91039     91002    91039     4    -1     13    0      35    50      70     240    270    1          60     1         06    30    6     12    14    46
91045-91285     91045    91285     2    -1     13    0      35    50      70     240    270    1          60     1         10    30    6     12    14    46
91297-91541     91297    91541     2    -1     13    0      35    50      70     240    270    1          60     1         06    05    6     12    14    46
91542-91574     91542    91574     4    -1     13    0      35    50      70     240    270    1          60     1         06    05    6     12    14    46
91584-91844     91584    91844     2    -1     13    0      35    50      70     240    270    1          60     1         10    05    6     12    14    46
91887-92135     91887    92135     2    -1     13    0      35    50      70     240    270    1          60     1         06    30    6     12    14    46
92136-92176     92136    92176     4    -1     13    0      35    50      70     240    270    1          60     1         06    30    6     12    14    46
92189-92422     92189    92422     2     1     13    0      35    50      70     240    270    1          60     1         06    30    6     12    14    46
92435-92467     92435    92467     4     1     13    0      35    50      70     240    270    1          60     1         06    30    6     12    14    46
92472-92506     92472    92506     4     1     13    0      35    50      70     240    270    1          60     1         10    30    6     12    14    46
92507-92772     92507    92772     2     1     13    0      35    50      70     240    270    1          60     1         10    30    6     12    14    46
92779-92847     92779    92847     2     1     13    0      35    50      70     240    270    1          60     1         10    05    6     12    14    46
93054-93318     93054    93318     2     1     13    0      35    50      70     240    270    1          60     1         10    05    6     12    14    46
93326-93610     93326    93610     2     1     13    0      35    50      70     240    270    1          60     1         06    05    6     12    14    46
93611-93643     93611    93643     4     1     13    0      35    50      70     240    270    1          60     1         06    05    6     12    14    46
93650-93905     93650    93905     2     1     13    0      35    50      70     240    270    1          60     1         10    05    6     12    14    46
93906-93938     93906    93938     4     1     13    0      35    50      70     240    270    1          60     1         10    05    6     12    14    46
93944-94213     93944    94213     2    -1     13    0      35    50      70     240    270    1          60     1         06    05    6     12    14    46
94214-94246     94214    94246     4    -1     13    0      35    50      70     240    270    1          60     1         06    05    6     12    14    46
94250-94536     94250    94536     2    -1     13    0      35    50      70     240    270    1          60     1         10    05    6     12    14    46
94537-94569     94537    94569     4    -1     13    0      35    50      70     240    270    1          60     1         10    05    6     12    14    46
94576-94608     94576    94608     4    -1     13    0      35    50      70     240    270    1          60     1         06    30    6     12    14    46
94609-94883     94609    94883     2    -1     13    0      35    50      70     240    270    1          60     1         06    30    6     12    14    46
94887-95149     94887    95149     2    -1     13    0      35    50      70     240    270    1          60     1         10    30    6     12    14    46
95150-95203     95150    95203     4    -1     13    0      35    50      70     240    270    1          60     1         10    30    6     12    14    46
95210-95448     95210    95448     2     1     13    0      35    50      70     240    270    1          60     1         06    05    6     12    14    46
95449-95481     95449    95481     4     1     13    0      35    50      70     240    270    1          60     1         06    05    6     12    14    46
95487-95718     95487    95718     2     1     13    0      35    50      70     240    270    1          60     1         10    30    6     12    14    46
95781-95813     95781    95813     4     1     13    0      35    50      70     240    270    1          60     1         10    30    6     12    14    46
95817-96098     95817    96098     2    -1     13    0      35    50      70     240    270    1          60     1         10    05    6     12    14    46
96099-96131     96099    96131     4    -1     13    0      35    50      70     240    270    1          60     1         10    30    6     12    14    46
96135-96396     96135    96396     2    -1     13    0      35    50      70     240    270    1          60     1         06    05    6     12    14    46
96397-96428     96397    96428     4    -1     13    0      35    50      70     240    270    1          60     1         06    05    6     12    14    46
96668-96951     96668    96951     2    -1     13    1      35    50      70     240    270    1          60     1         06    30    6     12    14    15
96952-96984     96952    96984     4    -1     13    1      35    50      70     240    270    1          60     1         06    30    6     12    14    15
97014-97240     97014    97240     2    -1     13    1      35    50      70     240    270    1          60     1         10    30    6     12    14    15
97241-97273     97241    97273     4    -1     13    1      35    50      70     240    270    1          60     1         10    30    6     12    14    15
97281-97520     97281    97520     2    -1     13    1      35    50      70     240    270    1          60     1         06    05    6     12    14    15
97521-97553     97521    97553     4    -1     13    1      35    50      70     240    270    1          60     1         06    05    6     12    14    15
97557-97829     97557    97829     2    -1     13    1      35    50      70     240    270    1          60     1         10    05    6     12    14    15
97830-97862     97830    97862     4    -1     13    1      35    50      70     240    270    1          60     1         10    05    6     12    14    15
97874-97906     97874    97906     4     1     13    1      35    50      70     240    270    1          60     1         06    30    6     12    14    15
97907-98155     97907    98155     2     1     13    1      35    50      70     240    270    1          60     1         06    30    6     12    14    15
98199-98528     98199    98528     2     1     13    1      35    50      70     240    270    1          60     1         10    30    6     12    14    15
98533-98760     98533    98760     2     1     13    1      35    50      70     240    270    1          60     1         06    05    6     12    14    15
98761-98793     98761    98793     4     1     13    1      35    50      70     240    270    1          60     1         06    05    6     12    14    15
98798-98830     98798    98830     4     1     13    1      35    50      70     240    270    1          60     1         10    05    6     12    14    15
98835-98959     98835    98959     2     1     13    1      35    50      70     240    270    1          60     1         10    05    6     12    14    15
99063-99277     99063    99277     2     1     13    1      35    50      70     240    270    1          60     1         10    05    6     12    14    15
99278-99310     99278    99310     4     1     13    1      35    50      70     240    270    1          60     1         10    05    6     12    14    15
99314-99540     99314    99540     2    -1     13    1      35    50      70     240    270    1          60     1         06    30    6     12    14    15
99541-99573     99541    99573     4    -1     13    1      35    50      70     240    270    1          60     1         06    30    6     12    14    15
99577-99799     99577    99799     2    -1     13    1      35    50      70     240    270    1          60     1         10    30    6     12    14    15
99800-99832     99800    99832     4    -1     13    1      35    50      70     240    270    1          60     1         10    30    6     12    14    15
99836-100120    99836    100120    2    -1     13    1      35    50      70     240    270    1          60     1         06    05    6     12    14    15
100121-100153   100121   100153    4    -1     13    1      35    50      70     240    270    1          60     1         06    05    6     12    14    15
100154-100412   100154   100412    2    -1     13    1      35    50      70     240    270    1          60     1         10    05    6     12    14    15
100413-100445   100413   100445    4    -1     13    1      35    50      70     240    270    1          60     1         10    05    6     12    14    15
100449-100715   100449   100715    2     1     13    1      35    50      70     240    270    1          60     1         06    30    6     12    14    15
100716-100748   100716   100748    4     1     13    1      35    50      70     240    270    1          60     1         06    30    6     12    14    15
100750-101031   100750   101031    2     1     13    1      35    50      70     240    270    1          60     1         10    30    6     12    14    15
101032-101065   101032   101065    4     1     13    1      35    50      70     240    270    1          60     1         10    30    6     12    14    15
101070-101348   101070   101348    2     1     13    1      35    50      70     240    270    1          60     1         06    05    6     12    14    15
101349-101382   101349   101382    4     1     13    1      35    50      70     240    270    1          60     1         06    05    6     12    14    15
101385-101667   101385   101667    2     1     13    1      35    50      70     240    270    1          60     1         10    05    6     12    14    15
101668-101700   101668   101700    4     1     13    1      35    50      70     240    270    1          60     1         10    05    6     12    14    15
102274-102578   102274   102578    2     1     13    1      35    50      70     240    270    1          60     1         10    30    6     12    14    15
102579-102611   102579   102611    4     1     13    1      35    50      70     240    270    1          60     1         10    30    6     12    14    15
102613-102885   102613   102885    2     1     13    1      35    50      70     240    270    1          60     1         10    05    6     12    14    15
102886-102921   102886   102921    4     1     13    1      35    50      70     240    270    1          60     1         10    05    6     12    14    15
103488-103769   103488   103769    2     1     14    0      35    50      70     240    270    1          60     1         06    30    6     15    12    14
103773-104079   103773   104079    2     1     14    0      35    50      70     240    270    1          60     1         10    30    6     15    12    14
104083-104350   104083   104350    2     1     14    0      35    50      70     240    270    1          60     1         10    30    6     15    12    14
104356-104619   104356   104619    2     1     14    0      35    50      70     240    270    1          60     1         10    30    6     15    12    14
104683-104930   104683   104930    2     1     14    0      35    50      70     240    270    1          60     1         10    30    6     15    12    14
104934-105238   104934   105238    2     1     14    0      35    50      70     240    270    1          60     1         10    30    6     15    12    14
105249-105549   105249   105549    2     1     14    0      35    50      70     240    270    1          60     1         10    30    6     15    12    14
105558-105922   105558   105922    2     1     14    0      35    50      70     240    270    1          60     1         10    30    6     15    12    14
105929-106229   105929   106229    2     1     14    0      35    50      70     240    270    1          60     1         10    30    6     15    12    14
106231-106402   106231   106402    2     1     14    0      35    200     220    390    420    1          60     1         10    30    6     15    12    14
106407-106665   106407   106665    2     1     14    0      35    50      70     240    270    1          60     1         10    30    6     15    12    14
106666-106701   106666   106701    4     1     14    0      35    50      70     240    270    1          60     1         10    30    6     15    12    14
106722-106954   106722   106954    2     1     14    0      35    50      70     240    270    1          60     1         10    05    6     15    12    14
106991-107275   106991   107275    2     1     14    0      35    50      70     240    270    1          60     1         10    30    6     15    12    14
107340-107558   107340   107558    2     1     14    0      35    50      70     240    270    1          60     1         10    30    6     15    12    14
107611-107904   107611   107904    2     1     14    0      35    50      70     240    270    1          60     1         10    30    6     15    12    14
107908-108195   107908   108195    2     1     14    0      35    50      70     240    270    1          60     1         10    30    6     15    12    14
108196-108236   108196   108236    4     1     14    0      35    50      70     240    270    1          60     1         10    30    6     15    12    14
108240-108525   108240   108525    2     1     14    0      35    50      70     240    270    1          60     1         10    30    6     15    12    14
108526-108558   108526   108558    4     1     14    0      35    50      70     240    270    1          60     1         10    30    6     15    12    14
108564-108827   108564   108827    2     1     14    0      35    50      70     240    270    1          60     1         10    05    6     15    12    14
108828-108861   108828   108861    4     1     14    0      35    50      70     240    270    1          60     1         10    05    6     15    12    14
108862-109138   108862   109138    2     1     14    0      35    50      70     240    270    1          60     1         10    30    6     15    12    14
109139-109172   109139   109172    4     1     14    0      35    50      70     240    270    1          60     1         10    30    6     15    12    14
109173-109441   109173   109441    2     1     14    0      35    50      70     240    270    1          60     1         10    05    6     15    12    14
109442-109474   109442   109474    4     1     14    0      35    50      70     240    270    1          60     1         10    05    6     15    12    14
109477-109738   109477   109738    2     1     14    0      35    50      70     240    270    1          60     1         06    30    6     15    12    14
109739-109772   109739   109772    4     1     14    0      35    50      70     240    270    1          60     1         06    30    6     15    12    14
109787-110017   109787   110017    2    -1     14    0      35    50      70     240    270    1          60     1         10    30    6     15    12    14
110018-110050   110018   110050    4    -1     14    0      35    50      70     240    270    1          60     1         10    30    6     15    12    14
